1.10,0.55,11.06
1.06,-0.08,11.53
1.14,-0.12,11.06
1.18,0.67,11.57
1.14,0.47,11.53
1.18,0.24,11.38
1.02,-0.04,11.26
1.14,0.55,11.02
1.10,0.31,11.18
1.10,0.00,11.49
1.10,0.24,11.10
1.14,0.31,11.45
1.14,0.35,11.38
1.26,0.39,11.34
1.02,0.43,11.61
1.10,0.20,11.45
1.02,0.67,11.57
1.02,0.27,11.26
1.02,0.20,11.22
1.29,0.12,11.38
1.06,0.63,11.10
1.14,0.20,11.14
0.98,0.16,10.98
1.14,0.31,11.14
0.98,0.47,11.61
1.18,-0.08,11.30
0.90,0.16,11.69
1.14,0.31,11.22
1.10,0.16,11.61
1.22,0.24,10.94
1.10,0.27,11.18
1.18,0.12,11.30
1.10,0.12,11.85
1.18,0.16,11.41
1.10,0.00,11.22
1.22,1.80,18.59
0.55,-0.63,15.85
2.00,0.43,6.59
1.22,0.35,10.67
1.53,0.39,11.49
0.78,-0.27,12.43
1.02,0.12,11.38
1.02,0.51,11.06
1.06,0.08,11.49
1.26,0.16,11.38
1.10,0.24,11.34
1.10,0.31,11.10
1.06,0.04,11.49
1.14,0.39,11.02
1.02,0.35,11.26
1.10,0.12,11.30
1.10,0.24,11.26
1.10,0.43,11.34
1.06,-0.12,11.57
1.02,0.24,11.38
1.53,-0.16,11.96
1.33,0.04,11.06
1.06,0.16,11.53
1.18,-0.20,11.96
0.90,0.43,11.02
1.29,0.82,12.16
0.98,0.51,11.96
1.18,0.16,11.41
1.18,0.35,11.41
1.22,0.20,11.61
1.14,0.24,10.98
1.14,0.31,11.61
1.06,-0.04,11.53
1.29,0.31,10.75
1.14,0.27,11.38
1.14,0.24,10.79
1.02,0.24,11.38
1.10,0.16,11.38
1.10,0.08,11.30
1.10,0.08,11.73
1.14,0.35,11.18
1.14,0.27,11.18
1.37,0.24,10.71
1.22,0.63,10.83
1.33,0.04,11.41
1.22,0.35,11.18
0.98,0.04,11.30
1.22,0.63,11.18
1.10,0.51,11.65
0.98,0.16,11.45
1.14,0.12,11.30
1.18,0.43,11.30
1.22,0.31,10.90
1.14,0.39,11.10
1.02,0.51,11.30
1.22,0.20,11.41
1.14,0.31,11.22
1.10,0.27,11.34
1.22,0.20,11.14
1.06,0.31,11.41
0.75,-0.04,13.06
1.22,-0.27,11.69
0.90,0.20,11.69
1.02,0.35,11.65
0.90,0.20,11.38
0.94,0.35,11.06
1.10,0.24,11.34
1.10,0.20,11.10
1.06,0.27,11.30
1.14,0.04,11.41
1.18,0.00,11.53
1.18,0.27,11.41
1.10,0.24,11.18
1.06,0.31,11.34
1.18,0.27,10.87
1.10,0.35,11.14
1.18,0.35,11.22
1.06,0.12,11.26
1.02,0.08,11.26
1.18,0.16,11.38
1.14,0.31,11.10
1.06,0.31,11.26
0.94,0.20,11.49
1.10,0.35,11.34
1.14,0.31,11.38
1.26,0.20,10.71
1.06,0.31,11.77
1.18,0.82,9.89
1.06,0.16,11.38
1.22,0.75,10.24
1.18,0.12,11.73
1.06,0.67,10.59
1.29,0.71,10.16
1.22,0.39,10.63
1.33,0.31,11.34
1.22,0.31,11.77
1.06,-0.27,12.00
0.98,0.04,11.85
1.10,0.12,11.81
1.02,0.27,11.06
1.29,0.24,10.94
1.22,0.12,11.81
1.18,0.39,11.18
1.14,0.24,11.49
1.10,0.27,11.22
1.22,0.35,11.14
1.18,0.35,10.90
1.14,0.59,11.06
1.10,0.31,11.06
1.02,0.20,11.65
0.98,0.20,11.89
1.14,0.20,11.49
1.02,0.39,10.98
1.06,0.20,11.81
1.49,0.16,11.69
1.29,-0.04,12.43
0.82,0.16,12.12
1.29,0.35,10.63
1.22,0.16,11.89
1.22,0.24,10.90
0.98,0.20,11.53
1.26,0.43,10.59
1.18,0.31,11.38
1.10,0.20,11.34
1.14,0.16,11.96
1.10,0.35,10.83
0.94,0.16,11.26
1.22,0.31,10.90
1.14,0.16,11.02
1.18,0.24,11.26
1.14,0.20,11.34
0.98,0.20,11.38
0.94,0.16,11.73
1.18,0.31,11.61
0.82,-0.24,13.10
1.26,-0.94,13.26
0.75,0.00,12.87
1.10,0.98,9.49
1.26,0.24,10.90
1.06,0.51,10.83
0.98,0.39,11.10
0.98,-0.04,12.16
1.26,0.39,10.87
1.22,0.24,11.34
1.22,0.39,11.22
1.26,0.31,10.94
0.98,0.16,11.69
1.06,0.31,11.14
1.02,0.12,11.45
1.10,0.20,11.49
1.18,0.35,11.10
0.82,0.27,11.61
1.33,1.18,8.83
1.26,0.51,10.43
1.22,0.55,10.55
1.22,0.31,11.57
0.90,0.31,11.85
1.06,0.39,11.06
1.06,0.27,11.45
1.14,0.43,10.98
1.18,0.31,11.14
1.14,0.08,11.41
1.18,0.31,11.34
1.06,0.35,11.22
1.14,0.16,11.30
1.14,0.39,11.30
1.02,0.27,11.26
1.10,0.12,11.22
1.14,0.16,11.30
1.10,0.20,11.34
1.06,0.24,11.30
1.26,0.55,9.73
1.06,0.24,10.87
0.78,0.35,11.73
0.98,-0.39,10.83
0.78,-0.12,11.92
0.94,0.04,12.87
0.94,0.90,10.43
0.82,0.16,12.20
1.22,0.12,11.30
1.22,0.98,10.16
1.18,-0.04,12.16
1.26,0.43,10.71
1.29,0.47,10.90
1.18,0.31,11.81
0.98,0.16,11.30
1.02,0.20,11.45
1.06,0.31,11.61
1.18,0.39,11.02
1.18,0.16,11.41
1.06,0.24,11.18
1.26,-0.08,11.69
1.14,0.04,11.53
0.98,0.43,11.38
1.14,0.35,10.94
1.02,0.20,11.22
1.14,0.47,10.40
1.14,0.16,12.00
1.22,0.24,11.14
1.10,-0.24,12.08
1.22,-0.20,11.85
1.06,0.39,11.06
1.10,0.12,11.34
1.10,0.16,11.53
0.94,0.35,11.73
1.02,0.35,11.22
1.29,0.35,11.18
1.22,0.51,10.71
1.22,0.12,10.94
1.14,0.27,11.41
1.06,0.24,11.38
1.14,0.27,11.30
1.14,0.24,11.26
1.18,0.27,11.26
1.02,0.24,11.26
1.10,0.27,11.02
1.22,0.43,10.90
1.18,0.31,11.14
1.22,-0.08,11.41
1.06,0.24,10.59
1.22,0.47,10.32
0.35,-0.04,12.36
1.26,0.20,12.63
0.86,-0.43,12.36
0.78,-0.27,13.73
1.14,0.04,10.98
1.14,0.24,10.67
0.94,0.39,11.57
1.02,0.31,11.49
0.94,0.04,12.20
1.06,0.20,11.53
1.02,0.27,11.38
1.18,0.39,10.94
1.14,0.20,10.90
1.06,0.20,11.26
1.14,0.20,11.77
1.02,0.20,11.96
1.18,0.47,11.38
0.98,0.31,11.41
1.14,0.39,11.22
1.02,0.47,11.18
0.94,0.04,11.69
1.06,0.04,11.61
0.94,0.31,11.53
1.02,0.20,11.92
0.98,0.08,11.57
1.06,0.24,11.73
1.10,0.08,11.45
1.06,0.31,11.06
1.14,0.27,11.53
0.98,0.24,11.30
1.02,0.27,11.34
1.02,0.20,11.26
1.06,0.39,10.98
1.29,0.71,10.63
1.10,-0.12,11.41
1.18,0.08,11.73
0.75,0.04,11.02
0.78,1.80,8.59
1.29,0.31,10.94
0.71,-0.35,12.47
1.33,0.20,10.87
1.06,0.16,11.38
1.14,0.39,10.87
1.33,0.24,11.45
1.18,0.16,11.18
1.22,0.27,11.22
1.10,0.59,10.98
1.06,0.12,11.10
1.18,0.27,11.34
1.06,0.27,11.06
1.22,0.43,10.94
1.18,0.16,11.10
1.06,0.12,11.45
1.10,0.12,11.61
0.94,0.24,11.53
1.10,-0.04,11.22
1.06,0.51,11.41
1.22,0.24,11.18
1.14,0.00,11.65
1.06,0.16,11.49
1.18,0.16,11.14
1.22,0.24,11.30
1.14,0.12,11.41
1.14,0.39,10.94
1.10,0.24,11.41
1.10,0.12,11.30
1.14,0.31,11.26
1.26,0.16,11.53
1.10,0.00,11.53
1.18,0.31,11.26
1.26,0.24,11.30
1.14,0.35,10.98
1.26,0.08,11.49
1.18,0.27,11.30
1.14,0.39,11.06
1.10,0.20,11.22
1.18,0.43,11.06
1.14,0.24,11.41
1.10,0.04,11.65
1.10,0.20,11.65
1.14,0.16,11.49
0.98,0.35,11.10
1.18,0.31,11.65
1.10,0.27,11.41
1.10,0.12,11.34
1.22,0.35,11.14
1.10,0.31,11.26
1.14,0.08,11.14
0.94,0.27,11.34
1.33,0.35,11.41
0.82,0.67,11.02
1.14,0.12,11.69
1.14,0.31,11.34
1.06,0.12,10.87
1.02,0.16,11.18
1.22,0.20,11.65
1.22,0.31,11.45
1.14,0.55,10.79
1.14,0.39,10.87
1.29,0.55,11.10
1.10,-0.08,11.61
1.14,0.39,11.45
1.06,0.43,11.30
0.90,0.31,10.83
1.14,0.20,11.26
1.10,0.31,11.14
1.22,0.27,11.10
1.18,0.16,11.57
1.02,0.20,11.61
1.02,0.20,11.57
1.18,0.16,11.41
1.18,0.20,11.34
1.18,0.39,11.10
1.10,0.24,11.26
1.10,0.16,11.38
1.06,0.27,11.38
1.02,0.27,11.53
1.14,0.24,11.26
1.10,0.24,11.30
1.10,0.35,11.22
1.14,0.20,11.38
1.14,0.27,11.26
1.10,0.39,11.18
1.14,0.27,11.10
0.82,0.12,12.43
0.71,0.27,11.96
1.41,0.59,10.94
1.10,-0.12,11.45
1.02,-0.20,11.92
1.26,0.47,10.67
1.26,0.24,11.02
1.18,0.31,10.83
1.18,0.59,10.67
1.06,0.47,11.53
1.02,0.16,11.49
1.14,0.39,11.02
1.14,0.31,11.10
1.18,0.31,11.34
1.14,0.31,11.10
0.94,0.24,11.49
1.22,0.16,11.38
1.06,0.27,11.10
1.02,0.31,11.34
1.02,0.12,11.38
1.18,0.04,11.57
1.14,0.20,11.45
1.10,0.24,11.14
0.51,0.59,13.96
1.29,0.55,12.67
1.18,0.27,12.94
0.78,0.31,11.14
0.98,0.90,10.51
1.41,0.35,10.90
1.26,0.12,12.08
1.10,0.67,11.22
1.10,-0.04,12.16
1.14,0.12,11.02
1.14,0.51,10.83
1.06,0.12,11.41
0.98,0.08,11.26
1.18,0.20,11.61
1.14,0.35,11.30
1.29,0.04,11.53
1.14,0.47,10.90
1.22,0.51,11.38
1.10,0.27,11.45
0.98,0.24,11.41
1.26,0.35,11.02
1.02,0.27,11.57
1.26,0.27,10.71
1.29,0.39,11.22
0.98,0.16,12.24
1.26,0.20,11.18
1.33,0.67,10.24
0.90,0.24,10.04
0.98,0.31,11.34
1.10,0.16,11.10
1.10,0.08,11.96
1.29,0.24,11.61
1.10,-0.20,11.92
1.33,-0.04,10.98
1.45,-0.08,11.77
1.02,0.12,11.26
1.10,0.39,12.63
1.14,-0.04,11.49
1.10,0.47,11.14
0.94,0.31,11.65
0.90,0.39,11.30
1.10,0.27,11.41
1.10,0.12,12.04
1.14,0.31,11.10
1.22,0.27,11.10
1.06,0.31,11.30
1.10,0.31,11.22
1.14,0.20,11.53
1.29,0.43,11.18
0.90,0.59,10.40
1.22,0.90,10.43
0.98,0.24,10.94
1.14,0.63,11.18
0.98,0.27,11.02
0.86,0.51,11.53
0.98,0.51,11.26
1.06,0.43,11.02
1.22,0.47,11.34
0.86,0.24,11.61
1.26,0.39,11.92
1.06,0.16,11.38
1.18,-0.27,11.34
1.22,0.27,11.53
1.26,0.31,11.02
1.18,0.31,10.94
1.18,0.31,11.41
1.18,0.39,11.30
1.14,0.16,11.45
1.14,0.12,11.30
1.10,0.16,11.22
1.14,0.27,11.22
1.10,0.27,11.22
1.06,0.27,11.38
1.10,0.20,11.18
0.67,0.08,12.32
1.22,-0.27,11.45
1.14,-2.55,16.36
1.06,0.20,11.65
1.10,0.24,11.34
1.18,0.27,11.22
1.14,0.43,11.14
1.14,0.16,11.34
1.14,0.24,11.34
1.14,0.35,11.18
1.10,0.24,11.30
1.06,0.08,11.41
1.10,0.16,11.41
1.06,0.39,11.26
1.14,0.20,11.34
1.14,0.31,11.30
1.14,0.31,11.30
1.10,0.20,11.26
1.14,0.39,11.34
1.10,0.24,11.30
1.06,0.16,11.30
1.02,0.04,11.49
0.94,0.43,11.02
1.02,0.31,11.30
1.10,0.12,11.41
1.26,0.39,11.49
1.14,0.27,11.30
1.10,0.27,11.06
1.14,0.31,11.41
1.26,0.24,11.34
1.10,0.27,11.34
1.10,0.31,11.38
1.14,0.24,11.30
1.14,0.24,11.26
1.18,0.27,10.94
1.10,0.35,11.10
1.02,0.12,11.49
1.10,0.24,11.38
1.06,0.27,11.41
1.18,0.24,11.57
1.14,0.24,11.26
1.14,0.47,11.22
1.14,0.27,11.41
1.10,0.20,11.57
1.14,0.39,10.83
1.06,0.27,11.30
1.14,0.12,11.57
1.06,0.24,11.49
1.14,0.27,11.57
1.22,0.35,10.98
1.06,0.24,11.30
1.18,0.27,11.30
1.06,0.16,11.26
1.22,0.35,11.34
1.14,0.31,11.26
1.10,0.12,11.14
1.06,0.31,11.38
1.10,0.35,11.65
1.10,0.20,11.34
1.14,0.39,11.22
1.10,0.31,11.26
1.14,0.16,11.57
1.14,0.27,11.34
1.06,0.27,11.26
1.02,0.35,11.26
1.10,0.16,11.26
1.10,0.39,11.41
1.10,0.24,11.34
1.22,0.20,11.26
1.06,0.24,11.38
1.14,-0.12,11.85
1.02,0.24,10.98
0.98,-0.12,11.14
1.14,0.12,11.92
1.33,0.35,10.87
1.29,0.31,10.94
1.10,0.78,10.36
1.10,0.27,11.06
1.06,0.27,11.18
1.02,0.27,11.45
1.14,0.24,11.14
1.22,0.27,10.83
1.29,1.33,14.32
1.65,0.24,12.32
1.14,0.51,10.47
1.06,0.27,11.89
0.94,-0.75,13.57
1.18,0.71,10.87
1.02,-0.31,12.87
1.06,0.59,11.18
1.26,0.59,10.55
0.94,0.31,11.10
0.94,0.31,11.53
1.18,0.12,10.59
1.14,0.24,11.41
1.18,0.20,11.53
1.14,0.78,10.55
1.22,0.55,10.83
0.90,0.27,12.08
1.14,0.04,12.12
1.26,0.75,10.71
1.02,0.12,11.57
1.14,0.35,10.47
1.37,-1.45,11.30
1.49,1.29,8.67
1.41,0.71,10.36
1.49,0.35,10.75
1.10,-0.16,13.10
0.90,0.27,9.92
0.86,-0.43,13.22
1.10,0.55,11.65
1.26,-0.24,11.73
1.10,0.31,11.65
1.02,0.12,11.57
1.26,0.24,11.26
1.02,0.27,11.41
1.29,0.24,11.18
1.06,0.43,11.18
1.02,0.12,11.45
1.18,0.43,10.79
1.10,0.20,11.02
1.14,0.20,11.34
0.94,0.35,11.61
1.06,0.20,11.10
1.10,0.24,11.06
1.14,0.20,11.18
1.10,0.20,11.10
1.06,0.20,11.02
1.10,0.16,11.10
1.14,0.20,11.06
1.14,0.16,11.10
1.10,0.27,11.10
1.10,0.16,11.14
1.10,0.20,11.10
1.10,0.16,11.14
1.14,0.20,11.10
1.10,0.20,11.14
1.14,0.20,11.10
1.10,0.20,11.14
1.14,0.16,11.14
1.10,0.16,11.06
1.10,0.16,11.06
1.10,0.24,11.10
1.14,0.20,11.02
1.10,0.20,11.14
1.14,0.24,11.10
1.14,0.20,11.18
1.10,0.20,11.10
1.10,0.20,11.10
1.10,0.20,11.02
1.14,0.16,11.06
1.10,0.24,11.14
1.10,0.16,11.10
1.18,0.20,11.10
1.18,0.27,11.06
1.10,0.04,11.53
0.98,0.12,11.14
0.86,0.35,11.45
1.10,0.12,11.34
1.22,0.20,10.87
1.10,0.24,11.18
1.18,0.24,10.98
1.06,0.24,11.10
1.14,0.27,11.06
1.10,0.20,11.18
1.10,0.20,11.38
1.06,0.20,11.30
1.10,0.27,10.98
1.10,0.31,10.94
1.10,0.12,11.10
1.10,0.20,11.34
1.06,0.24,11.06
1.14,0.27,11.06
1.14,0.20,11.02
1.14,0.16,11.14
1.10,0.20,11.22
1.10,0.27,11.14
1.06,0.20,11.22
1.10,0.24,10.98
1.06,0.24,11.06
1.18,0.24,11.14
1.10,0.27,11.10
1.18,0.27,10.83
1.10,0.20,11.30
1.14,0.24,11.02
1.06,0.31,11.02
1.10,0.08,11.45
1.14,0.35,11.14
0.98,0.24,11.26
1.14,0.08,11.38
0.94,0.24,11.41
1.33,0.43,10.75
1.33,0.31,10.83
0.98,0.24,10.71
0.98,0.08,11.38
1.06,0.47,11.02
1.06,0.20,10.75
1.06,0.16,10.98
0.98,0.16,11.34
1.10,0.24,11.10
1.14,0.20,11.22
1.10,0.20,11.18
1.06,0.20,11.41
1.10,0.12,11.06
1.10,0.20,10.98
1.02,0.24,11.49
1.37,0.39,10.94
1.10,0.16,10.83
1.29,0.12,11.38
1.18,0.47,10.63
1.06,0.51,10.51
1.29,0.12,11.22
1.10,0.16,11.41
1.14,0.27,11.41
1.06,0.24,11.38
1.18,0.27,10.90
1.10,0.24,11.06
1.10,0.08,11.14
1.10,0.20,11.49
1.14,0.27,11.10
1.14,0.20,11.06
1.06,0.31,11.18
1.06,0.20,11.26
1.18,0.24,10.94
1.10,0.20,11.10
1.10,0.39,10.83
1.06,0.12,11.34
1.10,0.24,11.10
1.10,0.20,11.10
1.10,0.24,11.06
1.26,0.00,11.85
0.98,0.63,11.38
0.67,0.78,10.59
0.94,-1.14,14.32
1.57,0.43,11.10
0.47,0.12,11.30
1.14,0.51,10.79
1.26,0.35,11.02
0.82,0.04,11.45
1.33,0.39,10.79
0.98,-0.08,11.57
1.22,0.47,10.87
1.02,0.27,11.26
1.06,0.27,11.34
1.33,0.16,11.14
1.06,0.35,11.14
1.18,0.35,10.98
1.14,0.31,10.75
1.06,0.43,10.79
1.18,0.39,11.45
1.22,0.16,11.34
1.18,0.39,11.02
1.14,0.24,11.34
1.06,0.20,11.30
1.10,0.35,11.57
1.14,0.16,11.30
1.14,0.35,10.71
1.14,0.59,10.98
0.98,0.24,11.77
0.90,0.27,11.92
1.10,0.39,11.10
1.10,0.27,10.79
1.18,0.16,11.26
1.10,0.31,11.26
1.10,0.27,11.57
1.14,0.24,11.18
1.18,0.16,11.18
1.14,0.27,11.18
1.18,0.20,11.34
1.06,0.35,11.41
1.10,0.31,11.10
1.14,0.31,10.98
1.14,0.24,11.22
1.14,0.12,11.38
1.10,0.20,11.26
1.26,-0.55,12.20
1.22,0.90,9.34
1.45,0.20,10.94
0.67,-2.04,16.99
0.71,0.75,11.61
1.45,0.94,8.83
1.41,0.43,10.40
1.02,-0.20,12.83
1.18,0.24,11.73
1.14,-0.08,11.57
1.18,0.35,11.06
1.14,0.47,10.67
1.10,0.04,11.53
1.10,0.16,11.14
1.26,0.20,11.02
1.02,0.31,10.83
1.14,0.35,10.98
1.10,0.24,11.10
1.10,0.04,11.53
1.10,0.43,11.53
0.98,0.67,11.45
1.33,-0.59,12.20
0.86,0.39,11.14
1.37,0.24,11.30
0.94,0.43,10.55
1.14,-0.71,12.08
1.02,0.04,11.57
1.10,0.82,11.26
1.10,1.22,9.85
1.29,0.08,10.87
0.86,0.08,11.26
1.14,0.24,11.81
1.10,0.35,11.38
1.22,0.55,10.83
0.98,0.43,10.87
1.14,0.20,11.49
1.10,0.67,10.59
1.02,0.16,11.65
0.98,0.27,11.14
1.37,0.27,11.38
1.49,0.16,11.02
1.18,0.16,11.77
0.86,0.63,10.87
1.29,0.31,11.30
1.22,0.51,11.06
1.02,-0.12,12.12
1.06,-0.04,11.34
0.98,0.47,11.14
0.94,0.16,11.45
1.06,0.16,10.90
1.29,0.04,11.38
1.22,0.39,11.30
1.02,0.35,11.65
1.06,0.24,11.61
1.18,0.27,10.98
1.14,0.39,11.18
1.14,0.31,11.57
1.06,0.35,10.67
1.41,0.51,11.61
0.86,0.20,11.81
1.26,0.51,11.06
0.82,-0.24,12.12
1.22,0.04,11.73
0.94,0.31,11.81
1.22,0.43,11.26
1.14,0.27,11.14
1.33,0.55,10.51
1.22,0.55,11.38
1.18,0.51,10.98
1.18,0.12,11.18
1.18,0.04,11.53
1.02,0.31,11.38
1.10,0.12,11.69
1.14,0.24,11.10
1.14,0.27,11.10
1.14,0.39,11.49
1.02,0.27,11.14
1.06,0.08,12.20
1.22,0.59,10.43
1.26,0.75,10.63
1.37,0.55,10.40
1.06,0.12,11.22
1.14,0.00,11.18
1.18,0.08,11.14
1.14,0.51,10.87
0.94,0.39,11.45
1.18,0.51,10.47
1.22,0.55,10.87

1.10,0.35,10.90
1.18,0.27,10.87
1.18,0.27,11.10
1.14,0.12,11.34
1.06,0.27,11.10
1.14,0.35,11.02
1.14,0.39,10.98
1.14,0.27,11.06
1.10,0.12,11.14
1.18,0.20,11.10
1.06,0.16,11.30
1.10,0.16,11.10
1.14,0.24,11.18
1.14,0.31,11.10
1.14,0.20,11.14
1.10,0.24,11.18
1.14,0.24,11.10
1.14,0.27,11.06
1.02,0.24,11.26
1.06,0.27,11.18
1.10,0.31,10.98
1.14,0.27,10.98
1.10,0.24,11.14
1.02,0.35,11.14
1.18,0.16,11.06
1.10,0.24,11.18
1.06,0.31,11.26
1.22,0.16,10.94
1.10,0.20,11.02
1.06,0.31,11.26
1.10,0.31,11.06
1.10,0.24,11.02
1.14,0.27,11.10
1.02,0.20,11.18
1.14,0.39,10.90
1.14,0.27,11.10
1.10,0.24,10.98
1.10,0.27,11.02
1.14,0.24,10.94
1.10,0.24,11.18
1.10,0.20,11.06
1.14,0.24,10.94
1.14,0.20,10.98
1.06,0.24,11.22
1.14,0.16,11.18
1.10,0.39,10.67
1.10,0.59,10.71
1.18,0.31,10.87
1.06,0.08,11.38
1.06,0.27,11.34
1.06,0.20,11.45
1.06,0.35,10.83
1.18,0.16,11.41
1.14,0.31,10.94
1.18,0.24,10.98
1.02,0.24,11.34
1.10,0.27,11.10
1.14,0.24,11.14
1.10,0.27,11.06
1.10,0.24,11.18
1.10,0.20,11.30
1.10,0.24,11.14
1.14,0.20,11.18
1.10,0.27,11.02
1.10,0.24,10.94
1.14,0.24,11.14
1.10,0.24,11.26
1.14,0.31,11.14
0.90,-0.59,12.94
1.22,0.78,10.12
1.18,-0.12,11.49
1.10,0.78,10.71
1.02,0.12,11.38
1.14,0.04,10.94
1.06,0.39,11.22
1.06,0.08,11.10
1.06,0.08,11.38
1.10,0.20,11.18
1.06,0.12,11.18
1.06,0.12,11.22
1.18,0.24,10.94
1.10,0.24,11.06
1.10,0.12,11.18
1.10,0.16,11.22
1.14,0.20,11.06
1.14,0.20,11.02
1.14,0.16,11.02
1.06,0.16,11.18
1.14,0.12,11.10
1.10,0.04,11.18
1.06,0.24,11.14
1.02,0.31,10.98
1.02,0.24,10.94
1.14,0.16,11.30
1.10,0.16,11.34
1.06,0.16,11.06
1.14,0.24,11.26
1.14,0.20,11.06
1.14,0.12,11.14
1.14,0.16,11.10
1.14,0.24,11.18
1.14,0.24,11.06
1.14,0.35,10.98
1.06,0.39,11.14
1.14,0.20,11.14
1.14,0.08,11.22
1.06,0.35,11.14
1.10,0.20,11.18
1.06,0.20,11.22
1.14,0.27,11.10
1.18,0.16,11.18
1.10,0.27,11.10
1.14,0.20,11.14
1.10,0.24,11.10
1.14,0.16,11.06
1.14,0.31,11.14
1.10,0.16,11.18
1.10,0.24,11.06
1.18,0.16,11.02
1.06,0.39,11.14
1.14,0.31,11.06
1.10,0.39,10.90
1.06,0.12,11.57
1.06,0.20,11.34
1.10,0.27,11.26
1.14,0.31,11.18
1.14,0.35,11.34
1.10,0.20,11.38
1.18,0.27,11.22
1.06,0.27,11.26
0.86,0.31,10.94
1.02,0.67,13.02
1.45,0.20,11.89
1.33,0.35,10.67
0.98,0.08,11.89
1.10,0.27,12.04
1.06,0.31,11.10
0.82,1.14,11.41
1.14,0.47,10.90
1.26,0.55,10.36
1.22,0.27,10.36
1.33,0.31,10.87
1.10,-0.24,12.55
1.18,0.16,11.38
1.10,0.16,11.02
1.06,0.12,11.38
0.98,0.20,11.53
1.06,0.31,11.85
1.18,0.24,11.77
1.29,0.75,10.04
1.69,-0.55,10.67
1.37,0.31,11.34
0.75,1.18,12.71
0.98,-0.43,12.00
1.22,0.35,10.43
0.94,-0.24,12.08
1.06,0.86,11.18
1.22,0.24,10.79
0.98,0.39,11.30
1.22,0.27,10.90
0.94,0.27,11.57
1.14,0.20,11.53
1.14,0.31,11.26
0.98,0.27,11.53
1.10,0.31,11.14
1.49,0.43,9.85
1.33,1.53,6.79
0.98,0.43,12.67
1.29,0.43,10.83
1.14,1.77,7.96
1.29,0.82,9.41
1.14,0.20,11.92
1.22,0.86,10.32
1.14,-0.27,11.49
1.18,0.20,11.10
1.18,0.12,11.41
1.14,0.20,11.45
1.14,0.16,11.26
1.22,0.20,11.14
1.26,0.35,10.98
1.06,0.31,11.41
1.14,0.16,11.30
1.10,0.20,11.38
1.10,0.27,11.38
1.02,0.04,12.00
1.14,-0.51,12.32
1.22,0.43,10.98
1.26,0.27,11.14
0.86,0.27,11.53
1.02,0.04,11.02
1.18,0.27,11.38
1.02,0.67,12.08
1.18,0.39,10.79
1.22,0.35,10.63
1.14,0.27,11.53
0.98,0.08,12.20
1.06,0.04,11.10
1.14,0.16,11.38
1.10,0.31,11.10
1.06,0.27,11.61
1.10,0.27,11.53
1.10,0.39,10.87
1.02,0.55,10.83
0.98,0.24,11.34
1.06,-0.12,11.69
1.06,0.55,11.06
1.22,0.24,10.87
1.02,0.31,11.57
1.14,0.39,11.30
1.29,0.04,11.53
0.94,-0.04,12.04
1.10,0.16,11.10
1.29,0.24,11.81
1.10,0.04,12.16
1.14,0.39,11.45
1.10,0.55,11.22
1.14,0.51,10.94
1.29,0.20,10.90
1.14,0.31,11.69
1.26,0.27,11.18
1.14,0.27,11.34
1.10,0.35,11.10
0.94,0.47,11.61
1.33,0.39,11.22
0.90,0.20,11.92
1.02,0.35,11.14
0.98,0.00,11.49
1.26,0.39,10.98
1.14,0.43,11.30
1.18,0.16,11.53
1.22,0.20,11.18
1.02,0.47,11.34
1.29,0.20,10.63
1.14,0.31,11.26
1.14,0.24,11.30
1.06,0.35,10.98
1.18,0.16,11.45
1.22,0.31,11.10
1.14,0.51,10.90
1.14,0.20,11.26
1.14,0.39,11.22
1.10,0.16,11.45
1.14,0.20,11.34
1.18,0.27,11.22
1.06,0.31,11.34
1.06,0.31,11.45
1.22,0.31,10.94
1.10,0.27,11.53
1.10,0.31,11.10
1.06,0.12,11.65
1.10,0.20,11.61
1.06,0.12,11.45
1.10,0.43,11.06
1.26,0.31,11.18
1.14,0.24,11.34
1.10,0.24,11.26
1.06,0.20,11.65
1.10,0.08,11.65
1.14,0.08,11.45
1.10,0.31,11.26
1.18,0.35,11.10
1.26,0.16,11.41
1.14,-0.04,12.04
1.26,0.94,10.40
1.45,-0.20,11.92
0.75,-0.08,12.98
1.02,0.43,11.06
1.37,0.67,10.51
1.26,1.02,10.04
1.18,0.78,10.98
0.94,0.51,11.49
1.18,0.63,11.06
1.33,0.27,12.16
1.14,0.39,11.06
0.98,0.47,11.57
1.37,0.55,11.14
1.26,0.47,10.59
0.98,0.35,12.32
1.37,0.39,11.30
1.18,0.08,11.57
1.33,0.63,10.83
1.02,0.31,10.83
1.26,0.43,11.41
1.10,0.35,11.65
1.14,0.04,11.92
1.33,1.49,9.06
1.29,-0.39,11.73
1.02,-0.39,12.83
1.06,0.35,12.43
0.75,0.20,12.24
1.02,-0.43,11.53
0.82,0.12,12.71
0.94,0.24,11.85
1.18,0.31,11.30
1.22,0.59,11.77
1.10,0.67,11.14
1.18,0.24,11.14
1.18,0.27,10.90
1.22,0.27,11.61
1.26,0.16,11.14
1.02,0.47,11.26
1.14,0.12,11.53
1.06,0.35,11.30
1.10,0.63,11.34
1.29,0.31,11.02
1.33,0.55,11.10
1.22,0.08,11.22
1.14,0.04,11.45
0.98,0.59,11.14
1.10,-0.12,11.18
1.29,0.27,11.14
1.10,0.63,11.45
1.18,0.35,10.55
1.14,0.12,10.71
0.94,0.00,12.16
1.10,0.51,11.06
1.02,0.08,11.77
1.14,0.20,11.10
1.22,0.20,11.45
1.18,0.20,11.22
1.18,0.47,10.94
1.18,0.31,10.94
1.02,0.04,11.49
1.14,0.51,11.26
1.14,-0.04,11.57
0.98,0.20,11.26
1.02,0.35,11.18
1.02,0.08,11.49
1.29,0.35,11.14
0.90,0.00,12.28
1.14,0.39,11.41
0.98,0.35,11.26
1.18,0.47,11.02
1.06,0.27,10.55
1.26,0.43,10.83
1.10,0.39,11.26
1.10,0.20,11.49
1.14,0.31,11.02
1.14,0.47,11.38
0.98,0.27,11.49
1.14,0.20,11.34
1.10,0.20,11.61
1.06,0.24,11.45
1.10,0.43,11.10
1.02,0.12,11.61
1.14,0.47,11.30
1.10,0.35,11.22
1.10,0.35,11.22
1.22,0.24,11.22
1.02,0.24,11.45
1.18,0.43,10.90
1.10,0.12,11.53
1.29,0.24,11.30
0.94,0.16,11.41
1.22,0.24,11.22
1.18,0.31,11.30
1.14,0.24,11.22
1.14,0.31,11.02
1.26,0.43,11.10
0.39,1.49,10.59
0.27,0.43,11.38
-0.20,0.59,11.10
0.12,0.63,10.98
0.31,0.31,11.69
0.08,0.51,11.02
0.16,0.39,11.34
0.04,0.47,11.53
0.31,0.59,11.06
0.08,0.27,11.45
0.39,0.39,11.18
0.12,0.63,11.14
0.31,0.00,11.81
0.35,1.06,10.40
-0.16,0.35,11.77
0.00,0.35,11.10
-0.24,0.39,12.04
0.08,-0.04,11.45
0.08,0.51,11.45
0.31,0.90,9.22
0.20,0.43,12.04
0.12,0.43,11.77
0.27,0.43,11.77
0.00,0.27,11.92
0.08,0.51,11.30
0.31,0.59,11.30
0.04,0.35,11.49
0.08,0.24,12.36
0.12,0.39,11.92
0.31,0.63,11.18
0.12,0.55,11.26
0.08,0.63,11.06
0.20,0.75,11.06
0.12,0.71,10.94
0.16,0.39,11.41
0.20,0.55,11.22
0.08,0.47,11.69
0.16,0.35,11.34
0.24,0.51,11.45
0.12,0.47,11.49
0.00,0.71,10.63
0.08,0.51,11.41
0.04,0.55,11.14
0.35,0.47,11.18
0.12,0.24,11.69
0.27,0.63,10.87
0.24,0.59,11.02
0.04,0.27,11.26
0.16,0.78,11.06
0.24,0.47,11.85
0.16,0.31,11.69
0.24,0.43,11.34
0.39,0.31,11.57
0.27,0.27,11.45
0.24,0.51,11.38
0.08,0.27,11.34
0.12,0.51,11.34
0.20,0.51,11.49
0.16,0.43,11.18
0.16,0.55,11.14
0.12,0.59,11.45
0.55,0.20,11.38
0.27,0.75,10.90
0.12,0.47,11.02
0.12,0.43,11.77
0.71,0.31,11.06
-0.08,0.39,10.59
0.24,0.20,13.49
0.39,1.92,8.12
-0.08,0.39,12.51
0.47,1.10,9.53
-0.20,0.39,12.08
0.12,0.12,11.14
0.04,0.43,10.90
0.24,0.35,11.26
0.12,0.35,11.26
0.04,0.47,11.45
0.08,0.39,11.38
0.43,0.59,10.83
0.98,0.04,12.67
-0.08,-0.24,11.96
-0.16,0.86,11.26
0.24,0.27,10.98
0.00,0.35,11.02
0.71,0.31,14.12
0.08,0.43,10.75
-0.12,0.27,11.18
0.24,0.55,11.38
0.39,0.78,9.41
-0.12,0.47,11.26
0.08,0.20,11.57
0.47,0.98,10.71
0.12,0.31,11.57
0.39,0.63,10.51
0.12,0.35,11.92
0.20,0.63,10.71
0.31,0.35,11.26
0.12,0.35,11.49
0.27,0.43,10.98
0.35,0.63,11.02
0.35,0.35,10.67
0.12,0.04,11.73
0.55,0.94,10.24
0.12,0.47,10.94
0.08,0.63,12.20
0.75,1.18,9.53
0.00,0.35,11.53
0.12,0.47,11.14
0.27,0.47,11.61
0.55,0.94,11.65
0.16,0.90,10.63
0.31,0.47,11.26
0.20,0.82,11.14
0.24,0.55,10.90
0.12,0.67,11.53
-0.04,0.39,11.73
0.16,0.51,11.10
0.43,0.82,10.90
0.31,0.51,11.45
0.27,-0.27,14.20
0.24,-0.04,11.57
0.27,-0.04,11.49
0.20,0.08,11.53
0.31,0.04,11.38
0.24,0.00,11.26
0.24,-0.04,11.53
0.31,0.04,11.49
0.35,-0.35,11.57
0.20,0.16,11.14
0.39,-0.63,11.69
0.31,0.20,11.49
0.31,-0.08,11.69
0.27,0.12,11.53
0.51,0.00,11.18
0.24,0.16,11.53
-0.63,-0.55,13.30
0.63,0.55,12.08
0.35,0.39,10.87
0.24,-0.51,12.28
0.43,0.51,10.40
0.24,0.12,11.81
0.16,-0.43,12.32
0.20,0.24,11.22
0.55,0.12,11.14
0.24,0.08,11.30
0.27,-0.16,11.49
0.35,-0.08,11.38
0.55,0.04,11.69
0.27,0.20,11.22
0.08,-0.43,11.81
0.12,0.27,11.22
0.59,0.00,10.28
0.75,0.20,10.67
0.00,0.12,11.18
0.08,0.04,10.98
0.24,0.12,11.57
0.16,-0.16,11.96
0.27,0.55,10.67
0.39,0.39,11.57
0.16,-0.27,11.92
0.31,-0.27,11.45
0.16,-0.08,11.65
0.16,-0.16,11.85
0.35,0.20,10.98
0.31,-0.04,11.61
0.24,0.08,11.26
1.06,1.29,6.75
0.63,-0.78,12.36
-0.31,0.67,10.67
0.86,0.12,10.67
-0.04,0.90,9.73
0.04,-1.06,16.28
-0.27,0.16,13.73
0.59,-0.24,11.34
0.55,0.24,10.75
0.27,0.39,11.61
0.47,0.00,11.45
0.20,0.04,11.14
0.16,-0.04,11.18
0.35,0.16,11.10
0.16,-0.24,11.41
0.47,-0.51,11.49
0.20,0.31,10.98
0.27,0.16,11.49
0.24,0.16,11.41
0.35,-0.24,11.85
-0.16,-0.43,12.43
-0.04,0.00,11.92
0.27,-0.08,11.30
0.12,0.12,11.10
0.43,-0.31,12.16
0.47,0.12,11.34
0.20,-0.20,12.00
0.16,-0.24,11.77
0.78,-0.27,11.45
0.27,0.47,10.94
0.16,-0.08,11.45
0.27,-0.04,11.41
0.39,0.16,11.22
0.39,0.24,11.22
0.43,0.55,10.71
0.04,-0.59,12.91
0.20,-0.20,12.32
0.47,0.39,10.47
0.12,0.20,11.53
0.08,-0.12,11.61
0.16,0.00,11.38
0.27,-0.39,11.26
0.16,0.43,11.49
1.18,0.94,5.92
-0.08,-0.63,9.89
0.12,0.78,12.55
0.51,0.12,10.12
0.12,-0.08,11.69
0.08,-0.16,11.61
0.00,0.08,11.34
0.39,-0.04,11.10
0.12,0.04,11.45
0.16,0.04,11.53
0.16,-0.16,11.49
0.24,0.12,11.41
0.27,0.55,11.45
0.31,0.04,10.63
0.08,-0.24,11.57
0.55,0.24,11.45
0.08,0.51,11.14
0.24,0.00,11.45
0.24,0.00,11.22
0.24,0.12,11.34
0.20,0.00,11.30
0.24,0.08,11.53
0.27,-0.12,11.49
0.27,-0.08,11.38
0.51,0.67,10.36
0.35,-0.12,11.49
0.12,-0.12,11.57
0.51,0.08,11.69
0.31,0.16,11.41
0.12,-0.24,11.69
0.16,-0.08,11.49
0.31,0.35,10.94
0.24,0.20,11.73
0.08,-0.27,12.12
0.47,0.86,11.89
0.08,1.02,10.55
0.63,-0.27,12.12
0.39,0.27,10.98
0.16,-0.12,12.51
0.04,-0.04,11.81
0.27,0.16,11.18
0.35,0.51,12.24
-0.16,0.63,11.18
0.27,0.24,10.87
0.43,0.39,11.06
0.08,0.16,11.14
0.43,0.47,10.94
0.39,0.12,11.53
0.20,0.55,10.55
0.20,0.24,11.41
0.31,0.31,11.18
0.20,0.55,11.22
0.20,0.20,11.14
0.04,-0.24,11.81
0.90,0.08,11.69
0.35,1.65,5.41
0.86,2.67,6.83
-0.51,-0.12,10.63
0.31,0.82,10.51
0.47,1.14,9.65
0.71,0.00,12.32
0.12,0.16,11.14
0.24,-0.12,12.20
0.20,0.16,11.53
0.16,0.08,11.34
0.08,-0.04,11.38
0.08,0.35,11.41
0.31,0.59,11.49
0.16,0.27,11.38
0.35,0.63,11.06
0.20,0.24,11.85
0.20,0.16,11.45
0.39,0.43,11.45
0.00,0.31,11.02
-0.04,0.04,11.61
-0.24,0.04,11.85
0.35,0.43,11.10
0.59,0.51,10.12
-0.08,0.16,12.20
0.31,0.63,10.94
0.04,0.94,8.98
0.39,1.53,11.41
0.78,-0.16,12.28
0.43,0.43,10.36
0.35,0.27,10.90
0.27,0.43,11.06
0.51,0.12,11.81
0.12,0.35,11.18
0.20,0.47,11.02
0.39,0.16,11.49
0.04,0.27,11.41
0.04,0.00,11.45
0.08,0.08,11.38
0.51,0.16,11.30
0.20,0.16,11.45
0.31,-0.08,11.14
-0.55,-1.10,15.61
0.51,0.94,9.92
0.51,-0.16,11.30
-0.04,-0.35,12.36
0.47,0.82,9.96
-0.12,-0.39,12.91
-0.16,-0.16,13.22
0.31,0.43,10.59
0.04,0.04,11.30
0.31,0.08,11.69
0.31,0.39,11.02
0.16,0.24,11.26
0.08,0.12,11.45
0.47,0.59,10.94
0.16,0.43,11.41
0.00,0.39,11.10
-0.16,-0.08,11.30
0.08,0.59,11.22
0.63,0.27,11.65
0.00,-0.16,11.53
0.24,0.12,11.96
0.31,0.55,11.34
0.35,0.20,10.43
0.27,0.47,10.87
0.39,0.08,11.89
0.00,0.35,11.77
0.20,0.43,11.26
0.04,0.27,11.30
0.20,0.31,11.18
0.39,0.43,11.38
0.31,0.43,11.14
-0.04,0.16,11.57
0.27,0.31,11.41
0.27,0.71,11.61
0.47,0.55,11.69
0.43,0.20,11.02
0.27,0.59,10.98
0.43,0.51,11.45
0.27,0.08,11.30
0.20,0.20,11.41
0.12,0.20,11.18
0.43,0.35,11.34
0.43,0.08,11.61
0.39,0.16,11.61
0.24,0.31,10.98
0.20,0.35,11.26
-0.04,0.20,11.34
-0.08,0.27,10.87
0.39,0.24,11.30
0.31,0.27,10.98
0.24,0.04,11.45
0.12,-0.27,11.53
0.04,-0.43,11.73
0.51,0.24,11.45
0.27,0.47,10.47
0.16,0.59,11.41
-0.16,0.16,11.53
0.35,0.59,10.90
0.24,0.71,11.30
0.12,0.47,11.18
0.51,0.20,10.59
0.04,1.18,10.00
0.20,0.67,10.75
0.08,0.04,12.04
0.31,1.10,10.00
0.08,0.90,12.59
0.27,0.27,10.20
-0.16,0.43,11.65
0.39,0.39,12.24
0.31,0.24,11.30
0.12,0.63,11.02
0.16,0.51,11.53
0.20,-0.08,11.92
0.12,-0.04,11.89
0.08,0.31,11.73
0.16,0.51,11.06
0.16,0.47,11.34
0.16,0.71,10.47
0.24,0.20,11.34
0.08,0.08,11.06
0.27,0.51,10.47
0.08,0.12,12.87
0.16,0.20,10.75
0.08,0.27,11.69
-0.39,0.47,12.20
0.04,2.16,6.94
0.55,0.00,11.89
0.20,0.31,11.65
0.78,0.47,10.67
0.04,-0.12,12.28
0.31,0.67,11.10
0.00,0.71,11.77
-0.12,0.04,11.89
0.20,0.51,11.18
0.43,0.63,11.41
0.24,0.16,11.30
0.27,0.39,11.53
0.31,0.75,11.38
0.16,0.43,11.34
0.12,0.39,11.34
0.16,0.71,10.51
0.31,0.51,9.14
0.20,0.59,11.02
0.27,1.29,9.30
0.00,-0.08,11.53
-0.08,0.08,12.40
0.55,0.59,11.38
0.00,0.08,12.71
-0.04,0.12,10.47
0.39,0.43,11.18
0.08,0.51,11.41
0.20,0.47,11.06
0.35,0.27,11.02
0.04,0.39,11.69
0.31,0.78,10.87
0.08,0.24,11.30
0.16,0.63,11.14
0.31,0.31,11.34
0.00,0.27,10.63
0.31,0.47,10.55
-0.16,0.51,12.59
0.20,0.75,10.55
0.31,0.31,11.92
-0.31,0.75,10.36
0.31,0.31,10.94
0.00,0.27,12.24
0.27,0.75,11.02
0.16,0.00,11.53
-0.04,0.39,11.85
0.35,0.63,11.22
0.16,0.27,11.61
-0.27,0.43,11.41
0.24,0.35,11.30
0.12,0.51,11.73
0.20,0.59,11.06
0.00,-0.24,12.59
-1.14,-0.08,14.67
0.86,0.94,9.49
-0.20,-0.51,12.28
0.27,0.90,10.90
0.16,0.90,11.18
-0.20,0.31,11.45
0.20,0.55,11.22
0.12,0.39,11.49
-0.12,0.39,11.22
0.35,0.35,11.45
0.12,0.63,11.34
0.08,0.24,11.45
0.20,0.47,11.38
0.12,0.75,11.14
0.12,0.35,11.41
0.20,0.35,10.94
0.31,1.06,12.32
0.27,-0.78,13.85
-0.94,-1.57,15.10
-0.43,-1.10,13.42
0.47,1.73,8.51
0.12,-0.31,12.08
-0.04,1.06,10.59
0.39,1.22,10.12
-0.12,0.20,12.28
0.04,0.63,10.90
0.08,0.78,11.22
0.24,0.39,11.69
0.12,0.71,11.18
0.08,0.00,11.81
0.27,0.59,11.77
0.20,0.78,11.18
0.35,0.35,11.18
0.78,0.24,10.67
0.04,2.12,2.51
0.51,-0.24,12.47
0.27,0.82,10.79
0.00,0.86,10.55
0.43,0.67,11.02
0.27,0.27,11.14
0.27,0.55,11.22
0.24,0.71,11.10
0.39,0.43,11.02
0.20,1.22,9.53
0.67,0.24,11.73
0.90,1.73,11.30
0.24,0.71,11.34
-0.12,0.24,12.51
0.12,0.75,12.04
0.16,0.31,11.45
0.12,0.51,11.41
0.16,0.31,11.41
0.16,0.31,11.65
0.24,0.78,10.94
0.08,0.31,11.41
0.20,0.24,11.10
0.08,0.27,12.55
0.27,0.63,11.38
0.59,-0.24,13.49
-0.04,0.90,10.40
0.31,0.63,10.75
0.20,0.82,10.47
0.27,0.16,10.75
0.27,0.20,12.24
0.47,0.24,11.14
-0.04,0.16,11.41
0.24,0.55,10.12
0.12,0.43,11.49
0.12,0.27,11.53
0.08,0.24,11.73
0.27,0.39,11.41
0.16,0.43,11.14
0.00,0.27,11.65
0.16,0.39,11.22
0.20,0.63,11.14
0.12,0.43,11.41
0.12,0.43,11.22
0.63,0.59,12.28
0.12,0.47,11.26
0.16,0.51,10.43
0.31,0.24,11.49
0.24,0.16,11.61
0.47,1.57,8.20
0.24,0.16,12.00
0.39,0.59,11.02
0.47,0.39,11.96
0.24,0.04,11.10
-0.08,0.31,11.96
-0.12,0.31,11.65
0.20,0.04,12.00
0.00,0.31,11.34
0.12,0.75,11.34
0.16,0.27,11.85
0.27,0.20,11.57
0.08,0.47,11.38
0.16,0.63,11.38
0.08,0.31,11.38
0.12,0.43,11.06
-0.39,0.43,11.45
-0.31,0.75,11.38
0.04,0.24,11.92
0.16,0.39,11.41
-0.08,0.24,11.77
0.12,0.59,10.63
0.27,0.59,10.79
0.35,0.75,11.34
0.24,0.35,11.18
-0.16,0.75,11.49
0.08,0.51,11.06
0.20,0.47,11.10
0.08,0.47,11.69
0.16,0.39,11.26
0.12,0.59,11.49
0.16,0.35,11.57
0.12,0.27,11.26
0.24,0.55,11.34
0.20,0.39,11.34
0.20,0.27,10.94
0.63,-0.08,13.34
-0.16,0.35,13.89
0.04,0.59,10.47
0.00,0.78,11.26
-0.20,0.51,11.14
0.86,0.27,10.75
0.08,0.59,11.10
0.04,0.47,11.41
-0.08,0.16,12.08
0.12,1.26,10.75
0.16,0.55,10.67
0.20,0.78,10.87
-0.12,0.12,12.43
0.31,0.27,11.18
0.12,0.08,12.16
0.43,0.39,11.77
0.08,0.75,11.22
0.24,0.43,11.89
-0.04,0.47,11.65
0.16,0.35,11.57
0.35,0.47,11.57
0.12,0.39,11.38
0.12,0.20,11.61
0.24,0.59,11.34
0.27,0.63,11.53
0.16,0.98,10.51
0.31,0.43,10.90
0.59,0.16,10.16
1.14,2.08,14.40
0.16,0.90,12.63
0.16,1.14,11.18
-0.12,0.00,11.85
0.27,0.51,10.98
-0.04,0.94,11.41
0.55,0.35,11.34
0.27,0.43,11.38
0.08,0.35,11.45
0.43,0.71,11.26
0.00,0.47,11.41
0.04,0.47,11.26
0.16,0.43,11.26
